26199
23999
15690
199
13240
6806
18645
27618
8771
24277
29952
21216
16036
13191
7239
25528
10802
32521
11511
7051
26449
3897
18849
16808
9239
20484
26476
27939
28872
28779
6585
26943
6920
9590
14084
25379
28449
29309
27720
23014
23247
23527
21283
8013
23515
4927
3242
25628
16608
26227
25292
26950
5645
9049
9893
8815
7276
11378
25905
28853
9271
24143
9054
5994
30899
5878
25229
29710
15931
1381
10565
27585
14450
23432
19428
25022
26081
18661
19248
28005
19830
19918
24520
12457
22086
23886
21274
17717
7227
4586
24421
10713
14342
5146
6615
6823
24083
9208
6964
13796
3359
13894
17878
30230
20307
4590
3238
1457
21334
24069
28479
10175
30056
8637
31800
32489
5118
10580
18003
10103
17555
16300
6424
8190
12363
9792
11157
23515
1034
12533
22020
3745
9974
5458
15165
10153
1074
17677
6156
22040
742
17621
22400
6706
7250
811
32611
24451
4513
1598
24117
24183
31847
30131
15681
7150
2190
13095
31565
18124
9749
23501
28060
658
7227
8845
15824
9255
9924
28492
2786
9449
29161
21893
19587
6162
25734
15545
27800
15155
11479
29673
27789
28600
10651
12863
20832
13911
10783
5674
29293
24325
17953
1262
11041
5665
5544
23860
18740
22628
12783
28917
27368
28463
3648
18809
23609
14761
23993
24962
17723
28695
11037
2367
18716
21482
6556
6572
19896
25803
3955
14807
18224
15104
7603
24827
7548
20079
13872
28276
5288
5661
17114
32478
13827
25242
27043
1892
6065
29788
22188
13723
22733
11381
8055
13080
1262
1239
338
5320
23576
23322
7180
25255
18924
31644
2209
24269
4579
22207
21075
9558
2048
21298
24645
3270
26496
13447
13657
8175
24418
23396
641
27555
6857
14820
32734
2167
5464
20718
5292
3743
21415
30446
18115
21428
20415
30487
7132
3638
31234
17166
14943
12444
10241
3065
29069
14880
16307
11439
7330
1642
8399
2525
16436
9316
26154
16743
22008
14091
2500
11705
32264
16190
26788
12638
29635
2518
6598
22412
22379
29073
29541
7669
4982
12628
16265
22016
18783
14203
3192
14436
26636
9190
21940
18533
28796
16806
23367
17681
1410
25921
20772
27212
8685
12390
28169
28886
884
21634
5667
3269
20064
20605
8392
6877
4476
31531
12287
7278
30051
18946
7381
2448
31652
19126
21069
10175
10463
27557
1975
20673
1692
9684
12287
27175
27775
11344
2722
18859
23683
28533
23277
6509
15039
10276
20111
8005
27587
13275
18266
20143
27483
19417
30171
25863
16657
25620
9495
3190
14486
13191
9962
1852
2032
19996
9243
5377
15570
2673
23109
2807
20281
25543
14597
27300
10466
24110
5034
22415
3541
32349
5701
20728
8395
8156
26069
14342
25412
31100
25125
14486
28319
28903
1903
5178
21069
24246
31510
746
11821
2998
18622
4219
3736
17419
26711
2142
3839
6050
14780
11441
6421
32281
1641
18171
17901
17603
20067
14435
12232
4038
28229
6169
22278
31041
13696
16941
2084
20966
15210
637
1965
23815
18190
26935
20965
14131
8218
26028
17245
8672
1641
21643
3473
23160
10741
16673
6785
17235
32409
17515
1566
16284
2640
18907
3749
7249
13337
32417
26969
14259
25027
10692
4842
1582
30696
8502
775
14448
8819
24237
32606
23156
8120
12674
14315
15824
13376
1786
16111
11980
22011
23932
16742
13344
13074
15913
1215
19575
28665
28152
4848
18313
31283
6466
9453
7399
5142
19211
25998
20177
4168
32514
3068
16896
27513
16238
15907
26764
3363
29172
7355
18756
5339
21223
18708
25172
21551
23322
11753
8055
21615
28830
864
32187
27851
26436
252
10785
24144
6067
24771
23006
9859
8623
13489
22935
8358
17665
30457
11932
13952
2423
17565
16876
11946
9486
5062
681
22312
28157
271
15102
23127
26474
12573
17636
9206
1793
373
13137
31423
5359
7588
11017
3746
24565
22425
3895
31887
18991
12644
2313
28567
23594
5200
18551
20614
13343
15519
27952
11004
14089
21850
18791
3432
20466
19632
12113
438
32496
2642
3234
11005
23904
29642
31912
15536
11315
29172
12613
361
4075
26168
30109
18831
11940
32169
14126
20765
4591
16147
2051
7023
10748
12458
9941
9656
26289
5658
12323
21311
29533
25761
12881
5672
26814
1585
28398
29028
8337
27627
11829
9444
24446
14433
6331
19013
26028
22449
23802
17358
11932
29860
12725
29130
17658
15526
27049
19278
31147
15339
9825
24789
19857
7370
6869
19181
4804
13084
16146
18619
23645
7589
18588
15288
7371
16677
9591
12091
20572
5046
25427
27889
16097
28519
4117
11438
10078
464
3703
11463
20223
14062
20339
1042
11282
10166
9337
26327
5037
6984
2884
31689
32011
21785
10708
15742
1353
19127
7561
4770
14225
21917
15161
23645
10460
13053
6691
17771
31444
27411
18828
27463
6189
14217
9197
1665
16795
1284
15746
30866
469
588
25326
9657
1444
871
19510
12651
20932
24972
30391
3470
12155
14987
13972
12425
29174
11331
13090
32497
29570
3940
10476
14835
12754
18573
762
997
13086
15859
13372
14186
8309
26345
7849
22224
12607
30065
4942
19849
5037
24271
9068
13842
6963
26188
2475
27231
11123
30541
23402
7864
12213
3973
27565
21573
31340
21617
7841
12600
2083
13912
10249
8034
23030
259
10583
7804
11046
7840
8440
8811
22744
25181
29874
1151
30348
15440
31498
12444
20919
13784
28171
19143
2022
21501
22949
9318
6309
4408
18026
7813
1749
23931
21164
32136
6522
13425
12852
76
25310
23916
316
30158
32331
23518
7308
1249
30855
322
22501
15920
18489
22377
7700
1904
32133
4187
17480
12582
9468
16821
14212
21090
28922
25389
8619
16170
17950
8306
28502
22221
28859
13644
14275
16936
25435
26340
5322
24533
17326
14912
17436
31146
13888
11974
13487
18363
5592
23504
7435
25867
14648
19928
2561
32367
23105
5458
10085
13562
13703
21250
2832
7722
17149
24884
23956
12802
160
6127
810
19319
30540
5532
7586
10234
22237
14723
4859
4352
1623
5620
26376
32555
959
24050
26960
14717
10334
25912
8394
30204
23145
18391
27579
20361
29554
22308
19261
18251
29333
11815
23087
22072
3419
28409
7122
20360
29202
15241
23982
12106
31150
4796
12592
3645
27003
18014
26284
12733
7630
31731
5714
21771
9312
15410
25000
25854
18760
18670
31782
10244
4867
20429
19770
7775
2252
end
